[app/install/state]
version = 8.0.5
modtime = 1673621504.759372000

[outputs/tcpout]
version = 8.0.5
modtime = 1673621508.910008000

[outputs/tcpout%3Aacn_infra_monitoring_indexer1]
version = 8.0.5
modtime = 1673621508.911952000

[outputs/tcpout%3Asplunkcloud_test]
version = 8.0.5
modtime = 1673621508.926787000
